0.030009   0.998853  0.001147  0.000000  0.000000  0.000000  0.000000  0.000000  0.000000  
0.040005   0.998284  0.001716  0.000000  0.000000  0.000000  0.000000  0.000000  0.000000  
0.050001   0.997651  0.002349  0.000000  0.000000  0.000000  0.000000  0.000000  0.000000  
0.059998   0.996973  0.003027  0.000000  0.000000  0.000000  0.000000  0.000000  0.000000  
0.069994   0.996258  0.003742  0.000000  0.000000  0.000000  0.000000  0.000000  0.000000  
0.079990   0.995513  0.004487  0.000000  0.000000  0.000000  0.000000  0.000000  0.000000  
0.089986   0.994747  0.005253  0.000000  0.000000  0.000000  0.000000  0.000000  0.000000  
0.099983   0.993963  0.006037  0.000000  0.000000  0.000000  0.000000  0.000000  0.000000  
0.109979   0.993166  0.006834  0.000000  0.000000  0.000000  0.000000  0.000000  0.000000  
0.119975   0.992360  0.007640  0.000000  0.000000  0.000000  0.000000  0.000000  0.000000  
0.129971   0.991550  0.008450  0.000000  0.000000  0.000000  0.000000  0.000000  0.000000  
0.139968   0.990737  0.009263  0.000000  0.000000  0.000000  0.000000  0.000000  0.000000  
0.149964   0.989923  0.010077  0.000000  0.000000  0.000000  0.000000  0.000000  0.000000  
0.159960   0.989112  0.010888  0.000000  0.000000  0.000000  0.000000  0.000000  0.000000  
0.169956   0.988305  0.011695  0.000000  0.000000  0.000000  0.000000  0.000000  0.000000  
0.179953   0.987503  0.012497  0.000000  0.000000  0.000000  0.000000  0.000000  0.000000  
0.189949   0.986708  0.013292  0.000000  0.000000  0.000000  0.000000  0.000000  0.000000  
0.199945   0.985920  0.014080  0.000000  0.000000  0.000000  0.000000  0.000000  0.000000  
0.209941   0.985141  0.014859  0.000000  0.000000  0.000000  0.000000  0.000000  0.000000  
0.219937   0.984372  0.015628  0.000000  0.000000  0.000000  0.000000  0.000000  0.000000  
0.229934   0.983612  0.016388  0.000000  0.000000  0.000000  0.000000  0.000000  0.000000  
0.239930   0.982864  0.017136  0.000000  0.000000  0.000000  0.000000  0.000000  0.000000  
0.249926   0.982126  0.017874  0.000000  0.000000  0.000000  0.000000  0.000000  0.000000  
0.259922   0.981399  0.018601  0.000000  0.000000  0.000000  0.000000  0.000000  0.000000  
0.269919   0.980685  0.019315  0.000000  0.000000  0.000000  0.000000  0.000000  0.000000  
0.279915   0.979982  0.020018  0.000000  0.000000  0.000000  0.000000  0.000000  0.000000  
0.289911   0.979291  0.020709  0.000000  0.000000  0.000000  0.000000  0.000000  0.000000  
0.299907   0.978611  0.021389  0.000000  0.000000  0.000000  0.000000  0.000000  0.000000  
0.309904   0.977944  0.022056  0.000000  0.000000  0.000000  0.000000  0.000000  0.000000  
0.319900   0.977289  0.022711  0.000000  0.000000  0.000000  0.000000  0.000000  0.000000  
0.329896   0.976646  0.023354  0.000000  0.000000  0.000000  0.000000  0.000000  0.000000  
0.339892   0.976015  0.023985  0.000000  0.000000  0.000000  0.000000  0.000000  0.000000  
0.349889   0.975395  0.024605  0.000000  0.000000  0.000000  0.000000  0.000000  0.000000  
0.359885   0.974788  0.025212  0.000000  0.000000  0.000000  0.000000  0.000000  0.000000  
0.369881   0.974192  0.025808  0.000000  0.000000  0.000000  0.000000  0.000000  0.000000  
0.379877   0.973607  0.026393  0.000000  0.000000  0.000000  0.000000  0.000000  0.000000  
0.389874   0.973033  0.026967  0.000000  0.000000  0.000000  0.000000  0.000000  0.000000  
0.399870   0.972471  0.027529  0.000000  0.000000  0.000000  0.000000  0.000000  0.000000  
0.409866   0.971919  0.028081  0.000000  0.000000  0.000000  0.000000  0.000000  0.000000  
0.419862   0.971378  0.028622  0.000000  0.000000  0.000000  0.000000  0.000000  0.000000  
0.429859   0.970848  0.029152  0.000000  0.000000  0.000000  0.000000  0.000000  0.000000  
0.439855   0.970328  0.029672  0.000000  0.000000  0.000000  0.000000  0.000000  0.000000  
0.449851   0.969818  0.030182  0.000000  0.000000  0.000000  0.000000  0.000000  0.000000  
0.459847   0.969318  0.030682  0.000000  0.000000  0.000000  0.000000  0.000000  0.000000  
0.469844   0.968827  0.031173  0.000000  0.000000  0.000000  0.000000  0.000000  0.000000  
0.479840   0.968346  0.031654  0.000000  0.000000  0.000000  0.000000  0.000000  0.000000  
0.489836   0.967874  0.032126  0.000000  0.000000  0.000000  0.000000  0.000000  0.000000  
0.499832   0.967411  0.032589  0.000000  0.000000  0.000000  0.000000  0.000000  0.000000  
0.509829   0.966957  0.033043  0.000000  0.000000  0.000000  0.000000  0.000000  0.000000  
0.519825   0.966512  0.033488  0.000000  0.000000  0.000000  0.000000  0.000000  0.000000  
0.529821   0.966075  0.033925  0.000000  0.000000  0.000000  0.000000  0.000000  0.000000  
0.539817   0.965646  0.034354  0.000000  0.000000  0.000000  0.000000  0.000000  0.000000  
0.549814   0.965225  0.034775  0.000000  0.000000  0.000000  0.000000  0.000000  0.000000  
0.559810   0.964811  0.035189  0.000000  0.000000  0.000000  0.000000  0.000000  0.000000  
0.569806   0.964405  0.035595  0.000000  0.000000  0.000000  0.000000  0.000000  0.000000  
0.579802   0.964007  0.035993  0.000000  0.000000  0.000000  0.000000  0.000000  0.000000  
0.589799   0.963616  0.036384  0.000000  0.000000  0.000000  0.000000  0.000000  0.000000  
0.599795   0.963231  0.036769  0.000000  0.000000  0.000000  0.000000  0.000000  0.000000  
0.609791   0.962854  0.037146  0.000000  0.000000  0.000000  0.000000  0.000000  0.000000  
0.619787   0.962483  0.037517  0.000000  0.000000  0.000000  0.000000  0.000000  0.000000  
0.629784   0.962118  0.037882  0.000000  0.000000  0.000000  0.000000  0.000000  0.000000  
0.639780   0.961759  0.038241  0.000000  0.000000  0.000000  0.000000  0.000000  0.000000  
0.649776   0.961407  0.038593  0.000000  0.000000  0.000000  0.000000  0.000000  0.000000  
0.659772   0.961060  0.038940  0.000000  0.000000  0.000000  0.000000  0.000000  0.000000  
0.669769   0.960719  0.039281  0.000000  0.000000  0.000000  0.000000  0.000000  0.000000  
0.679765   0.960383  0.039617  0.000000  0.000000  0.000000  0.000000  0.000000  0.000000  
0.689761   0.960052  0.039948  0.000000  0.000000  0.000000  0.000000  0.000000  0.000000  
0.699757   0.959727  0.040273  0.000000  0.000000  0.000000  0.000000  0.000000  0.000000  
0.709754   0.959406  0.040594  0.000000  0.000000  0.000000  0.000000  0.000000  0.000000  
0.719750   0.959091  0.040909  0.000000  0.000000  0.000000  0.000000  0.000000  0.000000  
0.729746   0.958780  0.041220  0.000000  0.000000  0.000000  0.000000  0.000000  0.000000  
0.739742   0.958473  0.041527  0.000000  0.000000  0.000000  0.000000  0.000000  0.000000  
0.749739   0.958171  0.041829  0.000000  0.000000  0.000000  0.000000  0.000000  0.000000  
0.759735   0.957863  0.042137  0.000000  0.000000  0.000000  0.000000  0.000000  0.000000  
0.769731   0.957506  0.042494  0.000000  0.000000  0.000000  0.000000  0.000000  0.000000  
0.779727   0.957125  0.042875  0.000000  0.000000  0.000000  0.000000  0.000000  0.000000  
0.789724   0.956729  0.043271  0.000000  0.000000  0.000000  0.000000  0.000000  0.000000  
0.799720   0.956323  0.043677  0.000000  0.000000  0.000000  0.000000  0.000000  0.000000  
0.809716   0.955911  0.044089  0.000000  0.000000  0.000000  0.000000  0.000000  0.000000  
0.819712   0.955493  0.044507  0.000000  0.000000  0.000000  0.000000  0.000000  0.000000  
0.829709   0.955071  0.044929  0.000000  0.000000  0.000000  0.000000  0.000000  0.000000  
0.839705   0.954647  0.045353  0.000000  0.000000  0.000000  0.000000  0.000000  0.000000  
0.849701   0.954221  0.045779  0.000000  0.000000  0.000000  0.000000  0.000000  0.000000  
0.859697   0.953794  0.046206  0.000000  0.000000  0.000000  0.000000  0.000000  0.000000  
0.869694   0.953367  0.046633  0.000000  0.000000  0.000000  0.000000  0.000000  0.000000  
0.879690   0.952939  0.047061  0.000000  0.000000  0.000000  0.000000  0.000000  0.000000  
0.889686   0.952512  0.047488  0.000000  0.000000  0.000000  0.000000  0.000000  0.000000  
0.899682   0.952085  0.047915  0.000000  0.000000  0.000000  0.000000  0.000000  0.000000  
0.909679   0.951659  0.048341  0.000000  0.000000  0.000000  0.000000  0.000000  0.000000  
0.919675   0.951234  0.048766  0.000000  0.000000  0.000000  0.000000  0.000000  0.000000  
0.929671   0.950810  0.049190  0.000000  0.000000  0.000000  0.000000  0.000000  0.000000  
0.939667   0.950387  0.049613  0.000000  0.000000  0.000000  0.000000  0.000000  0.000000  
0.949664   0.949966  0.050034  0.000000  0.000000  0.000000  0.000000  0.000000  0.000000  
0.959660   0.949546  0.050454  0.000000  0.000000  0.000000  0.000000  0.000000  0.000000  
0.969656   0.949128  0.050872  0.000000  0.000000  0.000000  0.000000  0.000000  0.000000  
0.979652   0.948711  0.051289  0.000000  0.000000  0.000000  0.000000  0.000000  0.000000  
0.989649   0.948295  0.051705  0.000000  0.000000  0.000000  0.000000  0.000000  0.000000  
0.999645   0.947882  0.052118  0.000000  0.000000  0.000000  0.000000  0.000000  0.000000  
1.009641   0.947470  0.052530  0.000000  0.000000  0.000000  0.000000  0.000000  0.000000  
1.019637   0.947060  0.052940  0.000000  0.000000  0.000000  0.000000  0.000000  0.000000  
1.029634   0.946653  0.053347  0.000000  0.000000  0.000000  0.000000  0.000000  0.000000  
1.039630   0.946248  0.053752  0.000000  0.000000  0.000000  0.000000  0.000000  0.000000  
1.049626   0.945846  0.054154  0.000000  0.000000  0.000000  0.000000  0.000000  0.000000  
1.059622   0.945447  0.054553  0.000000  0.000000  0.000000  0.000000  0.000000  0.000000  
1.069619   0.945050  0.054950  0.000000  0.000000  0.000000  0.000000  0.000000  0.000000  
1.079615   0.944655  0.055345  0.000000  0.000000  0.000000  0.000000  0.000000  0.000000  
1.089611   0.944263  0.055737  0.000000  0.000000  0.000000  0.000000  0.000000  0.000000  
1.099607   0.943873  0.056127  0.000000  0.000000  0.000000  0.000000  0.000000  0.000000  
1.109604   0.943485  0.056515  0.000000  0.000000  0.000000  0.000000  0.000000  0.000000  
1.119600   0.943100  0.056900  0.000000  0.000000  0.000000  0.000000  0.000000  0.000000  
1.129596   0.942716  0.057284  0.000000  0.000000  0.000000  0.000000  0.000000  0.000000  
1.139592   0.942335  0.057665  0.000000  0.000000  0.000000  0.000000  0.000000  0.000000  
1.149589   0.941956  0.058044  0.000000  0.000000  0.000000  0.000000  0.000000  0.000000  
1.159585   0.941578  0.058422  0.000000  0.000000  0.000000  0.000000  0.000000  0.000000  
1.169581   0.941202  0.058798  0.000000  0.000000  0.000000  0.000000  0.000000  0.000000  
1.179577   0.940828  0.059172  0.000000  0.000000  0.000000  0.000000  0.000000  0.000000  
1.189574   0.940455  0.059545  0.000000  0.000000  0.000000  0.000000  0.000000  0.000000  
1.199570   0.940085  0.059915  0.000000  0.000000  0.000000  0.000000  0.000000  0.000000  
1.209566   0.939715  0.060285  0.000000  0.000000  0.000000  0.000000  0.000000  0.000000  
1.219562   0.939347  0.060653  0.000000  0.000000  0.000000  0.000000  0.000000  0.000000  
1.229559   0.938980  0.061020  0.000000  0.000000  0.000000  0.000000  0.000000  0.000000  
1.239555   0.938614  0.061386  0.000000  0.000000  0.000000  0.000000  0.000000  0.000000  
1.249551   0.938250  0.061750  0.000000  0.000000  0.000000  0.000000  0.000000  0.000000  
1.259547   0.937886  0.062114  0.000000  0.000000  0.000000  0.000000  0.000000  0.000000  
1.269544   0.937523  0.062477  0.000000  0.000000  0.000000  0.000000  0.000000  0.000000  
1.279540   0.937161  0.062839  0.000000  0.000000  0.000000  0.000000  0.000000  0.000000  
1.289536   0.936800  0.063200  0.000000  0.000000  0.000000  0.000000  0.000000  0.000000  
1.299532   0.936440  0.063560  0.000000  0.000000  0.000000  0.000000  0.000000  0.000000  
1.309529   0.936080  0.063920  0.000000  0.000000  0.000000  0.000000  0.000000  0.000000  
1.319525   0.935720  0.064280  0.000000  0.000000  0.000000  0.000000  0.000000  0.000000  
1.329521   0.935361  0.064639  0.000000  0.000000  0.000000  0.000000  0.000000  0.000000  
1.339517   0.935002  0.064998  0.000000  0.000000  0.000000  0.000000  0.000000  0.000000  
1.349514   0.934644  0.065356  0.000000  0.000000  0.000000  0.000000  0.000000  0.000000  
1.359510   0.934285  0.065715  0.000000  0.000000  0.000000  0.000000  0.000000  0.000000  
1.369506   0.933927  0.066073  0.000000  0.000000  0.000000  0.000000  0.000000  0.000000  
1.379502   0.933568  0.066432  0.000000  0.000000  0.000000  0.000000  0.000000  0.000000  
1.389499   0.933210  0.066790  0.000000  0.000000  0.000000  0.000000  0.000000  0.000000  
1.399495   0.932851  0.067149  0.000000  0.000000  0.000000  0.000000  0.000000  0.000000  
1.409491   0.932492  0.067508  0.000000  0.000000  0.000000  0.000000  0.000000  0.000000  
1.419487   0.932133  0.067867  0.000000  0.000000  0.000000  0.000000  0.000000  0.000000  
1.429484   0.931773  0.068227  0.000000  0.000000  0.000000  0.000000  0.000000  0.000000  
1.439480   0.931412  0.068588  0.000000  0.000000  0.000000  0.000000  0.000000  0.000000  
1.449476   0.931051  0.068949  0.000000  0.000000  0.000000  0.000000  0.000000  0.000000  
1.459472   0.930690  0.069310  0.000000  0.000000  0.000000  0.000000  0.000000  0.000000  
1.469469   0.930327  0.069673  0.000000  0.000000  0.000000  0.000000  0.000000  0.000000  
1.479465   0.929964  0.070036  0.000000  0.000000  0.000000  0.000000  0.000000  0.000000  
1.489461   0.929600  0.070400  0.000000  0.000000  0.000000  0.000000  0.000000  0.000000  
1.499457   0.929236  0.070764  0.000000  0.000000  0.000000  0.000000  0.000000  0.000000  
1.509454   0.928870  0.071130  0.000000  0.000000  0.000000  0.000000  0.000000  0.000000  
1.519450   0.928503  0.071497  0.000000  0.000000  0.000000  0.000000  0.000000  0.000000  
1.529446   0.928135  0.071865  0.000000  0.000000  0.000000  0.000000  0.000000  0.000000  
1.539442   0.927766  0.072234  0.000000  0.000000  0.000000  0.000000  0.000000  0.000000  
1.549439   0.927396  0.072604  0.000000  0.000000  0.000000  0.000000  0.000000  0.000000  
1.559435   0.927025  0.072975  0.000000  0.000000  0.000000  0.000000  0.000000  0.000000  
1.569431   0.926653  0.073347  0.000000  0.000000  0.000000  0.000000  0.000000  0.000000  
1.579427   0.926279  0.073721  0.000000  0.000000  0.000000  0.000000  0.000000  0.000000  
1.589424   0.925904  0.074096  0.000000  0.000000  0.000000  0.000000  0.000000  0.000000  
1.599420   0.925528  0.074472  0.000000  0.000000  0.000000  0.000000  0.000000  0.000000  
1.609416   0.925150  0.074850  0.000000  0.000000  0.000000  0.000000  0.000000  0.000000  
1.619412   0.924771  0.075229  0.000000  0.000000  0.000000  0.000000  0.000000  0.000000  
1.629408   0.924391  0.075609  0.000000  0.000000  0.000000  0.000000  0.000000  0.000000  
1.639405   0.924009  0.075991  0.000000  0.000000  0.000000  0.000000  0.000000  0.000000  
1.649401   0.923626  0.076374  0.000000  0.000000  0.000000  0.000000  0.000000  0.000000  
1.659397   0.923241  0.076759  0.000000  0.000000  0.000000  0.000000  0.000000  0.000000  
1.669393   0.922855  0.077145  0.000000  0.000000  0.000000  0.000000  0.000000  0.000000  
1.679390   0.922468  0.077532  0.000000  0.000000  0.000000  0.000000  0.000000  0.000000  
1.689386   0.922079  0.077921  0.000000  0.000000  0.000000  0.000000  0.000000  0.000000  
1.699382   0.921688  0.078312  0.000000  0.000000  0.000000  0.000000  0.000000  0.000000  
1.709378   0.921297  0.078703  0.000000  0.000000  0.000000  0.000000  0.000000  0.000000  
1.719375   0.920904  0.079096  0.000000  0.000000  0.000000  0.000000  0.000000  0.000000  
1.729371   0.920510  0.079490  0.000000  0.000000  0.000000  0.000000  0.000000  0.000000  
1.739367   0.920114  0.079886  0.000000  0.000000  0.000000  0.000000  0.000000  0.000000  
1.749363   0.919717  0.080283  0.000000  0.000000  0.000000  0.000000  0.000000  0.000000  
1.759360   0.919319  0.080681  0.000000  0.000000  0.000000  0.000000  0.000000  0.000000  
1.769356   0.918919  0.081081  0.000000  0.000000  0.000000  0.000000  0.000000  0.000000  
1.779352   0.918518  0.081482  0.000000  0.000000  0.000000  0.000000  0.000000  0.000000  
1.789348   0.918116  0.081884  0.000000  0.000000  0.000000  0.000000  0.000000  0.000000  
1.799345   0.917713  0.082287  0.000000  0.000000  0.000000  0.000000  0.000000  0.000000  
1.809341   0.917309  0.082691  0.000000  0.000000  0.000000  0.000000  0.000000  0.000000  
1.819337   0.916904  0.083096  0.000000  0.000000  0.000000  0.000000  0.000000  0.000000  
1.829333   0.916497  0.083503  0.000000  0.000000  0.000000  0.000000  0.000000  0.000000  
1.839330   0.916090  0.083910  0.000000  0.000000  0.000000  0.000000  0.000000  0.000000  
1.849326   0.915682  0.084318  0.000000  0.000000  0.000000  0.000000  0.000000  0.000000  
1.859322   0.915273  0.084727  0.000000  0.000000  0.000000  0.000000  0.000000  0.000000  
1.869318   0.914863  0.085137  0.000000  0.000000  0.000000  0.000000  0.000000  0.000000  
1.879315   0.914452  0.085548  0.000000  0.000000  0.000000  0.000000  0.000000  0.000000  
1.889311   0.914041  0.085959  0.000000  0.000000  0.000000  0.000000  0.000000  0.000000  
1.899307   0.913629  0.086371  0.000000  0.000000  0.000000  0.000000  0.000000  0.000000  
1.909303   0.913216  0.086784  0.000000  0.000000  0.000000  0.000000  0.000000  0.000000  
1.919300   0.912803  0.087197  0.000000  0.000000  0.000000  0.000000  0.000000  0.000000  
1.929296   0.912389  0.087611  0.000000  0.000000  0.000000  0.000000  0.000000  0.000000  
1.939292   0.911975  0.088025  0.000000  0.000000  0.000000  0.000000  0.000000  0.000000  
1.949288   0.911561  0.088439  0.000000  0.000000  0.000000  0.000000  0.000000  0.000000  
1.959285   0.911146  0.088854  0.000000  0.000000  0.000000  0.000000  0.000000  0.000000  
1.969281   0.910731  0.089269  0.000000  0.000000  0.000000  0.000000  0.000000  0.000000  
1.979277   0.910316  0.089684  0.000000  0.000000  0.000000  0.000000  0.000000  0.000000  
1.989273   0.909900  0.090100  0.000000  0.000000  0.000000  0.000000  0.000000  0.000000  
1.999270   0.909485  0.090515  0.000000  0.000000  0.000000  0.000000  0.000000  0.000000  
2.009266   0.909070  0.090930  0.000000  0.000000  0.000000  0.000000  0.000000  0.000000  
2.019262   0.908655  0.091345  0.000000  0.000000  0.000000  0.000000  0.000000  0.000000  
2.029258   0.908239  0.091761  0.000000  0.000000  0.000000  0.000000  0.000000  0.000000  
2.039255   0.907825  0.092175  0.000000  0.000000  0.000000  0.000000  0.000000  0.000000  
2.049251   0.907410  0.092590  0.000000  0.000000  0.000000  0.000000  0.000000  0.000000  
2.059247   0.906996  0.093004  0.000000  0.000000  0.000000  0.000000  0.000000  0.000000  
2.069243   0.906582  0.093418  0.000000  0.000000  0.000000  0.000000  0.000000  0.000000  
2.079240   0.906168  0.093832  0.000000  0.000000  0.000000  0.000000  0.000000  0.000000  
2.089236   0.905755  0.094245  0.000000  0.000000  0.000000  0.000000  0.000000  0.000000  
2.099232   0.905343  0.094657  0.000000  0.000000  0.000000  0.000000  0.000000  0.000000  
2.109228   0.904931  0.095069  0.000000  0.000000  0.000000  0.000000  0.000000  0.000000  
2.119225   0.904519  0.095481  0.000000  0.000000  0.000000  0.000000  0.000000  0.000000  
2.129221   0.904109  0.095891  0.000000  0.000000  0.000000  0.000000  0.000000  0.000000  
2.139217   0.903699  0.096301  0.000000  0.000000  0.000000  0.000000  0.000000  0.000000  
2.149213   0.903289  0.096711  0.000000  0.000000  0.000000  0.000000  0.000000  0.000000  
2.159210   0.902879  0.097121  0.000000  0.000000  0.000000  0.000000  0.000000  0.000000  
2.169206   0.902470  0.097530  0.000000  0.000000  0.000000  0.000000  0.000000  0.000000  
2.179202   0.902060  0.097940  0.000000  0.000000  0.000000  0.000000  0.000000  0.000000  
2.189198   0.901651  0.098349  0.000000  0.000000  0.000000  0.000000  0.000000  0.000000  
2.199195   0.901241  0.098759  0.000000  0.000000  0.000000  0.000000  0.000000  0.000000  
2.209191   0.900832  0.099168  0.000000  0.000000  0.000000  0.000000  0.000000  0.000000  
2.219187   0.900422  0.099578  0.000000  0.000000  0.000000  0.000000  0.000000  0.000000  
2.229183   0.900013  0.099987  0.000000  0.000000  0.000000  0.000000  0.000000  0.000000  
2.239180   0.899604  0.100396  0.000000  0.000000  0.000000  0.000000  0.000000  0.000000  
2.249176   0.899195  0.100805  0.000000  0.000000  0.000000  0.000000  0.000000  0.000000  
2.259172   0.898785  0.101215  0.000000  0.000000  0.000000  0.000000  0.000000  0.000000  
2.269168   0.898376  0.101624  0.000000  0.000000  0.000000  0.000000  0.000000  0.000000  
2.279165   0.897967  0.102033  0.000000  0.000000  0.000000  0.000000  0.000000  0.000000  
2.289161   0.897558  0.102442  0.000000  0.000000  0.000000  0.000000  0.000000  0.000000  
2.299157   0.897149  0.102851  0.000000  0.000000  0.000000  0.000000  0.000000  0.000000  
2.309153   0.896739  0.103261  0.000000  0.000000  0.000000  0.000000  0.000000  0.000000  
2.319150   0.896330  0.103670  0.000000  0.000000  0.000000  0.000000  0.000000  0.000000  
2.329146   0.895921  0.104079  0.000000  0.000000  0.000000  0.000000  0.000000  0.000000  
2.339142   0.895512  0.104488  0.000000  0.000000  0.000000  0.000000  0.000000  0.000000  
2.349138   0.895103  0.104897  0.000000  0.000000  0.000000  0.000000  0.000000  0.000000  
2.359135   0.894693  0.105307  0.000000  0.000000  0.000000  0.000000  0.000000  0.000000  
2.369131   0.894284  0.105716  0.000000  0.000000  0.000000  0.000000  0.000000  0.000000  
2.379127   0.893875  0.106125  0.000000  0.000000  0.000000  0.000000  0.000000  0.000000  
2.389123   0.893466  0.106534  0.000000  0.000000  0.000000  0.000000  0.000000  0.000000  
2.399120   0.893056  0.106944  0.000000  0.000000  0.000000  0.000000  0.000000  0.000000  
2.409116   0.892647  0.107353  0.000000  0.000000  0.000000  0.000000  0.000000  0.000000  
2.419112   0.892237  0.107763  0.000000  0.000000  0.000000  0.000000  0.000000  0.000000  
2.429108   0.891828  0.108172  0.000000  0.000000  0.000000  0.000000  0.000000  0.000000  
2.439105   0.891418  0.108582  0.000000  0.000000  0.000000  0.000000  0.000000  0.000000  
2.449101   0.891009  0.108991  0.000000  0.000000  0.000000  0.000000  0.000000  0.000000  
2.459097   0.890599  0.109401  0.000000  0.000000  0.000000  0.000000  0.000000  0.000000  
2.469093   0.890189  0.109811  0.000000  0.000000  0.000000  0.000000  0.000000  0.000000  
2.479090   0.889779  0.110221  0.000000  0.000000  0.000000  0.000000  0.000000  0.000000  
2.489086   0.889370  0.110630  0.000000  0.000000  0.000000  0.000000  0.000000  0.000000  
2.499082   0.888960  0.111040  0.000000  0.000000  0.000000  0.000000  0.000000  0.000000  
2.509078   0.888550  0.111450  0.000000  0.000000  0.000000  0.000000  0.000000  0.000000  
2.519075   0.888140  0.111860  0.000000  0.000000  0.000000  0.000000  0.000000  0.000000  
2.529071   0.887730  0.112270  0.000000  0.000000  0.000000  0.000000  0.000000  0.000000  
2.539067   0.887319  0.112681  0.000000  0.000000  0.000000  0.000000  0.000000  0.000000  
2.549063   0.886909  0.113091  0.000000  0.000000  0.000000  0.000000  0.000000  0.000000  
2.559060   0.886499  0.113501  0.000000  0.000000  0.000000  0.000000  0.000000  0.000000  
2.569056   0.886089  0.113911  0.000000  0.000000  0.000000  0.000000  0.000000  0.000000  
2.579052   0.885679  0.114321  0.000000  0.000000  0.000000  0.000000  0.000000  0.000000  
2.589048   0.885268  0.114732  0.000000  0.000000  0.000000  0.000000  0.000000  0.000000  
2.599045   0.884858  0.115142  0.000000  0.000000  0.000000  0.000000  0.000000  0.000000  
2.609041   0.884448  0.115552  0.000000  0.000000  0.000000  0.000000  0.000000  0.000000  
2.619037   0.883685  0.115879  0.000436  0.000000  0.000000  0.000000  0.000000  0.000000  
2.629033   0.882688  0.116152  0.001160  0.000000  0.000000  0.000000  0.000000  0.000000  
2.639030   0.881577  0.116397  0.002026  0.000000  0.000000  0.000000  0.000000  0.000000  
2.649026   0.880389  0.116623  0.002989  0.000000  0.000000  0.000000  0.000000  0.000000  
2.659022   0.879144  0.116834  0.004022  0.000000  0.000000  0.000000  0.000000  0.000000  
2.669018   0.877855  0.117035  0.005110  0.000000  0.000000  0.000000  0.000000  0.000000  
2.679015   0.876532  0.117226  0.006242  0.000000  0.000000  0.000000  0.000000  0.000000  
2.689011   0.875181  0.117409  0.007409  0.000000  0.000000  0.000000  0.000000  0.000000  
2.699007   0.873489  0.117766  0.008318  0.000000  0.000000  0.000000  0.000428  0.000000  
2.709003   0.871554  0.118255  0.009013  0.000000  0.000000  0.000000  0.001179  0.000000  
2.719000   0.869574  0.118772  0.009656  0.000000  0.000000  0.000000  0.001998  0.000000  
2.728996   0.867578  0.119301  0.010270  0.000000  0.000000  0.000000  0.002851  0.000000  
2.738992   0.865578  0.119837  0.010864  0.000000  0.000000  0.000000  0.003721  0.000000  
2.748988   0.863581  0.120377  0.011442  0.000000  0.000000  0.000000  0.004600  0.000000  
2.758985   0.861592  0.120917  0.012008  0.000000  0.000000  0.000000  0.005483  0.000000  
2.768981   0.859613  0.121456  0.012564  0.000000  0.000000  0.000000  0.006366  0.000000  
2.778977   0.857646  0.121995  0.013111  0.000000  0.000000  0.000000  0.007248  0.000000  
2.788973   0.855694  0.122531  0.013650  0.000000  0.000000  0.000000  0.008125  0.000000  
2.798970   0.853756  0.123065  0.014182  0.000000  0.000000  0.000000  0.008998  0.000000  
2.808966   0.851834  0.123595  0.014708  0.000000  0.000000  0.000000  0.009864  0.000000  
2.818962   0.849928  0.124122  0.015227  0.000000  0.000000  0.000000  0.010723  0.000000  
2.828958   0.848039  0.124645  0.015742  0.000000  0.000000  0.000000  0.011574  0.000000  
2.838955   0.846167  0.125165  0.016251  0.000000  0.000000  0.000000  0.012417  0.000000  
2.848951   0.844313  0.125680  0.016756  0.000000  0.000000  0.000000  0.013251  0.000000  
2.858947   0.842476  0.126191  0.017256  0.000000  0.000000  0.000000  0.014077  0.000000  
2.868943   0.840657  0.126698  0.017752  0.000000  0.000000  0.000000  0.014893  0.000000  
2.878940   0.838856  0.127200  0.018244  0.000000  0.000000  0.000000  0.015700  0.000000  
2.888936   0.837073  0.127698  0.018732  0.000000  0.000000  0.000000  0.016497  0.000000  
2.898932   0.835308  0.128191  0.019216  0.000000  0.000000  0.000000  0.017285  0.000000  
2.908928   0.833560  0.128680  0.019697  0.000000  0.000000  0.000000  0.018063  0.000000  
2.918925   0.831830  0.129163  0.020175  0.000000  0.000000  0.000000  0.018832  0.000000  
2.928921   0.830119  0.129642  0.020649  0.000000  0.000000  0.000000  0.019590  0.000000  
2.938917   0.828424  0.130117  0.021120  0.000000  0.000000  0.000000  0.020339  0.000000  
2.948913   0.826747  0.130586  0.021588  0.000000  0.000000  0.000000  0.021078  0.000000  
2.958910   0.825088  0.131051  0.022054  0.000000  0.000000  0.000000  0.021807  0.000000  
2.968906   0.823446  0.131511  0.022516  0.000000  0.000000  0.000000  0.022527  0.000000  
2.978902   0.821821  0.131966  0.022976  0.000000  0.000000  0.000000  0.023237  0.000000  
2.988898   0.820213  0.132417  0.023434  0.000000  0.000000  0.000000  0.023937  0.000000  
2.998895   0.818622  0.132862  0.023888  0.000000  0.000000  0.000000  0.024627  0.000000  
3.008891   0.817047  0.133303  0.024341  0.000000  0.000000  0.000000  0.025308  0.000000  
3.018887   0.815489  0.133739  0.024791  0.000000  0.000000  0.000000  0.025980  0.000000  
3.028883   0.813948  0.134171  0.025239  0.000000  0.000000  0.000000  0.026642  0.000000  
3.038879   0.812422  0.134597  0.025685  0.000000  0.000000  0.000000  0.027295  0.000000  
3.048876   0.810913  0.135019  0.026129  0.000000  0.000000  0.000000  0.027939  0.000000  
3.058872   0.809419  0.135436  0.026571  0.000000  0.000000  0.000000  0.028574  0.000000  
3.068868   0.807941  0.135849  0.027011  0.000000  0.000000  0.000000  0.029200  0.000000  
3.078864   0.806478  0.136256  0.027449  0.000000  0.000000  0.000000  0.029817  0.000000  
3.088861   0.805031  0.136659  0.027885  0.000000  0.000000  0.000000  0.030425  0.000000  
3.098857   0.803599  0.137058  0.028320  0.000000  0.000000  0.000000  0.031024  0.000000  
3.108853   0.802181  0.137452  0.028752  0.000000  0.000000  0.000000  0.031615  0.000000  
3.118849   0.800779  0.137841  0.029184  0.000000  0.000000  0.000000  0.032197  0.000000  
3.128846   0.799391  0.138225  0.029613  0.000000  0.000000  0.000000  0.032771  0.000000  
3.138842   0.798017  0.138605  0.030042  0.000000  0.000000  0.000000  0.033336  0.000000  
3.148838   0.796657  0.138981  0.030468  0.000000  0.000000  0.000000  0.033894  0.000000  
3.158834   0.795311  0.139352  0.030894  0.000000  0.000000  0.000000  0.034443  0.000000  
3.168831   0.793979  0.139719  0.031318  0.000000  0.000000  0.000000  0.034984  0.000000  
3.178827   0.792661  0.140081  0.031740  0.000000  0.000000  0.000000  0.035517  0.000000  
3.188823   0.791356  0.140439  0.032162  0.000000  0.000000  0.000000  0.036043  0.000000  
3.198819   0.790065  0.140792  0.032582  0.000000  0.000000  0.000000  0.036561  0.000000  
3.208816   0.788786  0.141141  0.033001  0.000000  0.000000  0.000000  0.037072  0.000000  
3.218812   0.787521  0.141486  0.033419  0.000000  0.000000  0.000000  0.037575  0.000000  
3.228808   0.786268  0.141826  0.033836  0.000000  0.000000  0.000000  0.038070  0.000000  
3.238804   0.785028  0.142162  0.034251  0.000000  0.000000  0.000000  0.038559  0.000000  
3.248801   0.783800  0.142494  0.034666  0.000000  0.000000  0.000000  0.039040  0.000000  
3.258797   0.782584  0.142822  0.035080  0.000000  0.000000  0.000000  0.039514  0.000000  
3.268793   0.781380  0.143146  0.035492  0.000000  0.000000  0.000000  0.039981  0.000000  
3.278789   0.780189  0.143466  0.035904  0.000000  0.000000  0.000000  0.040442  0.000000  
3.288786   0.779009  0.143781  0.036315  0.000000  0.000000  0.000000  0.040896  0.000000  
3.298782   0.777840  0.144093  0.036725  0.000000  0.000000  0.000000  0.041343  0.000000  
3.308778   0.776683  0.144400  0.037134  0.000000  0.000000  0.000000  0.041783  0.000000  
3.318774   0.775537  0.144703  0.037542  0.000000  0.000000  0.000000  0.042217  0.000000  
3.328771   0.774403  0.145003  0.037949  0.000000  0.000000  0.000000  0.042645  0.000000  
3.338767   0.773279  0.145299  0.038356  0.000000  0.000000  0.000000  0.043067  0.000000  
3.348763   0.772166  0.145590  0.038761  0.000000  0.000000  0.000000  0.043482  0.000000  
3.358759   0.771064  0.145878  0.039166  0.000000  0.000000  0.000000  0.043891  0.000000  
3.368756   0.769973  0.146163  0.039570  0.000000  0.000000  0.000000  0.044295  0.000000  
3.378752   0.768891  0.146443  0.039974  0.000000  0.000000  0.000000  0.044692  0.000000  
3.388748   0.767820  0.146720  0.040376  0.000000  0.000000  0.000000  0.045084  0.000000  
3.398744   0.766760  0.146993  0.040778  0.000000  0.000000  0.000000  0.045470  0.000000  
3.408741   0.765709  0.147262  0.041179  0.000000  0.000000  0.000000  0.045850  0.000000  
3.418737   0.764668  0.147528  0.041580  0.000000  0.000000  0.000000  0.046225  0.000000  
3.428733   0.763636  0.147790  0.041980  0.000000  0.000000  0.000000  0.046594  0.000000  
3.438729   0.762615  0.148049  0.042379  0.000000  0.000000  0.000000  0.046958  0.000000  
3.448726   0.761602  0.148304  0.042777  0.000000  0.000000  0.000000  0.047316  0.000000  
3.458722   0.760599  0.148556  0.043175  0.000000  0.000000  0.000000  0.047670  0.000000  
3.468718   0.759606  0.148804  0.043572  0.000000  0.000000  0.000000  0.048018  0.000000  
3.478714   0.758621  0.149049  0.043969  0.000000  0.000000  0.000000  0.048361  0.000000  
3.488711   0.757646  0.149290  0.044364  0.000000  0.000000  0.000000  0.048700  0.000000  
3.498707   0.756679  0.149529  0.044760  0.000000  0.000000  0.000000  0.049033  0.000000  
3.508703   0.755721  0.149764  0.045154  0.000000  0.000000  0.000000  0.049361  0.000000  
3.518699   0.754772  0.149995  0.045548  0.000000  0.000000  0.000000  0.049685  0.000000  
3.528696   0.753831  0.150224  0.045941  0.000000  0.000000  0.000000  0.050004  0.000000  
3.538692   0.752899  0.150449  0.046334  0.000000  0.000000  0.000000  0.050318  0.000000  
3.548688   0.751975  0.150672  0.046726  0.000000  0.000000  0.000000  0.050628  0.000000  
3.558684   0.751059  0.150891  0.047117  0.000000  0.000000  0.000000  0.050934  0.000000  
3.568681   0.750151  0.151107  0.047507  0.000000  0.000000  0.000000  0.051235  0.000000  
3.578677   0.749251  0.151320  0.047897  0.000000  0.000000  0.000000  0.051531  0.000000  
3.588673   0.748360  0.151530  0.048287  0.000000  0.000000  0.000000  0.051823  0.000000  
3.598669   0.747476  0.151737  0.048675  0.000000  0.000000  0.000000  0.052111  0.000000  
3.608666   0.746600  0.151942  0.049063  0.000000  0.000000  0.000000  0.052395  0.000000  
3.618662   0.745731  0.152143  0.049451  0.000000  0.000000  0.000000  0.052675  0.000000  
3.628658   0.744870  0.152341  0.049837  0.000000  0.000000  0.000000  0.052951  0.000000  
3.638654   0.744017  0.152537  0.050223  0.000000  0.000000  0.000000  0.053223  0.000000  
3.648651   0.743171  0.152730  0.050609  0.000000  0.000000  0.000000  0.053490  0.000000  
3.658647   0.742332  0.152920  0.050993  0.000000  0.000000  0.000000  0.053754  0.000000  
3.668643   0.741500  0.153108  0.051377  0.000000  0.000000  0.000000  0.054014  0.000000  
3.678639   0.740676  0.153293  0.051761  0.000000  0.000000  0.000000  0.054271  0.000000  
3.688636   0.739858  0.153475  0.052144  0.000000  0.000000  0.000000  0.054523  0.000000  
3.698632   0.739048  0.153654  0.052526  0.000000  0.000000  0.000000  0.054772  0.000000  
3.708628   0.738244  0.153831  0.052907  0.000000  0.000000  0.000000  0.055018  0.000000  
3.718624   0.737447  0.154006  0.053288  0.000000  0.000000  0.000000  0.055260  0.000000  
3.728621   0.736657  0.154177  0.053667  0.000000  0.000000  0.000000  0.055498  0.000000  
3.738617   0.735874  0.154347  0.054047  0.000000  0.000000  0.000000  0.055733  0.000000  
3.748613   0.735097  0.154514  0.054425  0.000000  0.000000  0.000000  0.055964  0.000000  
3.758609   0.734326  0.154678  0.054803  0.000000  0.000000  0.000000  0.056192  0.000000  
3.768606   0.733562  0.154840  0.055180  0.000000  0.000000  0.000000  0.056417  0.000000  
3.778602   0.732805  0.155000  0.055557  0.000000  0.000000  0.000000  0.056638  0.000000  
3.788598   0.732053  0.155158  0.055932  0.000000  0.000000  0.000000  0.056857  0.000000  
3.798594   0.731308  0.155313  0.056307  0.000000  0.000000  0.000000  0.057072  0.000000  
3.808591   0.730569  0.155466  0.056681  0.000000  0.000000  0.000000  0.057284  0.000000  
3.818587   0.729837  0.155616  0.057055  0.000000  0.000000  0.000000  0.057493  0.000000  
3.828583   0.729110  0.155764  0.057428  0.000000  0.000000  0.000000  0.057698  0.000000  
3.838579   0.728389  0.155911  0.057800  0.000000  0.000000  0.000000  0.057901  0.000000  
3.848576   0.727674  0.156055  0.058171  0.000000  0.000000  0.000000  0.058101  0.000000  
3.858572   0.726965  0.156196  0.058541  0.000000  0.000000  0.000000  0.058298  0.000000  
3.868568   0.726261  0.156336  0.058911  0.000000  0.000000  0.000000  0.058492  0.000000  
3.878564   0.725563  0.156474  0.059280  0.000000  0.000000  0.000000  0.058683  0.000000  
3.888561   0.724871  0.156610  0.059648  0.000000  0.000000  0.000000  0.058871  0.000000  
3.898557   0.724185  0.156743  0.060015  0.000000  0.000000  0.000000  0.059057  0.000000  
3.908553   0.723504  0.156875  0.060382  0.000000  0.000000  0.000000  0.059240  0.000000  
3.918549   0.722829  0.157004  0.060748  0.000000  0.000000  0.000000  0.059420  0.000000  
3.928546   0.722159  0.157132  0.061113  0.000000  0.000000  0.000000  0.059597  0.000000  
3.938542   0.721494  0.157258  0.061477  0.000000  0.000000  0.000000  0.059772  0.000000  
3.948538   0.720835  0.157381  0.061840  0.000000  0.000000  0.000000  0.059944  0.000000  
3.958534   0.720180  0.157503  0.062203  0.000000  0.000000  0.000000  0.060114  0.000000  
3.968531   0.719532  0.157623  0.062564  0.000000  0.000000  0.000000  0.060281  0.000000  
3.978527   0.718888  0.157742  0.062925  0.000000  0.000000  0.000000  0.060445  0.000000  
3.988523   0.718249  0.157858  0.063285  0.000000  0.000000  0.000000  0.060607  0.000000  
3.998519   0.717616  0.157973  0.063645  0.000000  0.000000  0.000000  0.060767  0.000000  
4.008516   0.716987  0.158086  0.064003  0.000000  0.000000  0.000000  0.060924  0.000000  
4.018512   0.716364  0.158197  0.064361  0.000000  0.000000  0.000000  0.061079  0.000000  
4.028508   0.715745  0.158306  0.064717  0.000000  0.000000  0.000000  0.061232  0.000000  
4.038504   0.715131  0.158414  0.065073  0.000000  0.000000  0.000000  0.061382  0.000000  
4.048501   0.714522  0.158520  0.065428  0.000000  0.000000  0.000000  0.061530  0.000000  
4.058497   0.713918  0.158624  0.065783  0.000000  0.000000  0.000000  0.061675  0.000000  
4.068493   0.713318  0.158727  0.066136  0.000000  0.000000  0.000000  0.061819  0.000000  
4.078489   0.712724  0.158828  0.066488  0.000000  0.000000  0.000000  0.061960  0.000000  
4.088486   0.712133  0.158928  0.066840  0.000000  0.000000  0.000000  0.062099  0.000000  
4.098482   0.711548  0.159026  0.067191  0.000000  0.000000  0.000000  0.062236  0.000000  
4.108478   0.710967  0.159122  0.067541  0.000000  0.000000  0.000000  0.062370  0.000000  
4.118474   0.710390  0.159217  0.067890  0.000000  0.000000  0.000000  0.062503  0.000000  
4.128471   0.709818  0.159311  0.068238  0.000000  0.000000  0.000000  0.062634  0.000000  
4.138467   0.709250  0.159403  0.068585  0.000000  0.000000  0.000000  0.062762  0.000000  
4.148463   0.708687  0.159493  0.068931  0.000000  0.000000  0.000000  0.062889  0.000000  
4.158459   0.708128  0.159582  0.069277  0.000000  0.000000  0.000000  0.063013  0.000000  
4.168456   0.707574  0.159669  0.069621  0.000000  0.000000  0.000000  0.063136  0.000000  
4.178452   0.707023  0.159756  0.069965  0.000000  0.000000  0.000000  0.063256  0.000000  
4.188448   0.706477  0.159840  0.070308  0.000000  0.000000  0.000000  0.063375  0.000000  
4.198444   0.705935  0.159924  0.070650  0.000000  0.000000  0.000000  0.063492  0.000000  
4.208441   0.705397  0.160006  0.070991  0.000000  0.000000  0.000000  0.063606  0.000000  
4.218437   0.704864  0.160086  0.071331  0.000000  0.000000  0.000000  0.063719  0.000000  
4.228433   0.704334  0.160166  0.071670  0.000000  0.000000  0.000000  0.063831  0.000000  
4.238429   0.703808  0.160244  0.072008  0.000000  0.000000  0.000000  0.063940  0.000000  
4.248426   0.703287  0.160320  0.072345  0.000000  0.000000  0.000000  0.064047  0.000000  
4.258422   0.702769  0.160396  0.072682  0.000000  0.000000  0.000000  0.064153  0.000000  
4.268418   0.702256  0.160470  0.073017  0.000000  0.000000  0.000000  0.064257  0.000000  
4.278414   0.701746  0.160543  0.073352  0.000000  0.000000  0.000000  0.064359  0.000000  
4.288411   0.701240  0.160615  0.073686  0.000000  0.000000  0.000000  0.064460  0.000000  
4.298407   0.700738  0.160685  0.074019  0.000000  0.000000  0.000000  0.064559  0.000000  
4.308403   0.700239  0.160754  0.074350  0.000000  0.000000  0.000000  0.064656  0.000000  
4.318399   0.699745  0.160822  0.074681  0.000000  0.000000  0.000000  0.064751  0.000000  
4.328396   0.699254  0.160889  0.075011  0.000000  0.000000  0.000000  0.064845  0.000000  
4.338392   0.698767  0.160955  0.075340  0.000000  0.000000  0.000000  0.064938  0.000000  
4.348388   0.698284  0.161020  0.075669  0.000000  0.000000  0.000000  0.065028  0.000000  
4.358384   0.697804  0.161083  0.075996  0.000000  0.000000  0.000000  0.065117  0.000000  
